# id	left	top	right	bottom	texture_id
[SPRITES]

#Idle
20011	300	135	315	150	20
20012	318	135	333	150	20
20013	336	135	351	150	20
20014	354	135	369	150	20

#Button
20017	379	480	394	497	20 #16 17
20018	403	480	418	497	20 #16 17
20019	427	480	442	497	20 #16 17
20020	452	480	467	497	20 #16 17

#Static
20025	410	243	425	258	20 #16 16

#Fragment
20015	495	120	502	128	20

# ani_id	sprite1_id	time1	sprite2_id	time2	...
[ANIMATIONS]
20016	20011	500	20012	100	20013	100	20014	100
20030	20017	500	20018	100	20019	100	20020	100