# list of object assets to load in this scene
[ASSETS]
mario.txt
brick.txt
coin.txt
goomba.txt
cloud.txt
pipehead.txt
pipebody.txt
bgcloud.txt
bgtree.txt
bgbush.txt
randombrick.txt
randomMushroom.txt
randomleaf.txt
bgbrick.txt
floor.txt
largebrick.txt
shootingplant.txt
Koopas.txt
voidspike.txt
coinbrick.txt
character.txt
wing.txt
scoreboard.txt
#
[OBJECTS]
# type	x	y	extra_settings per object type
# type: 0 = Mario , 1 = Brick, 2 = Goomba, 3 = Koopas
# See OBJECT_TYPE constants in AssetIDs.h
# OBJECT_TYPE_ID [tab] x [tab] y

# MARIO
#500:  Floor 1 (600 for kill Koopas and kick the shell to the leaf)
#800:  Floor 2
#1200: Floor 3
#1400: Floor 4 (in front is Hole 3)
#2100: Floor 5
#2400: Floor 6
0	2400	60

#Goomba
2	200	90 #Floor 1
2	500	100

2	900	90 #Floor 2
2	1000	90 #Floor 2
19	1100	90 #Floor 2 #Red goomba

#Score Board
20	165	181

#BGCLOUD
#id	x	y	bW	bH	Len	s1	s2	s3
8	130	10	24	23	2	54102	54103	54104
8	770	40	19	23	3	54102	54103	54104

8	350	10	0	0	1	54101	54101	54101
8	685	10	0	0	1	54101	54101	54101

8	2390	25	0	0	1	54101	54101	54101 #Floor 6

8	130	-215	0	0	1	54105	54105	54105 #Sky, Floor 1
8	260	-190	0	0	1	54106	54106	54106
8	290	-190	0	0	1	54107	54107	54107
8	290	-220	0	0	1	54107	54107	54107

8	320	-170	0	0	1	54106	54106	54106
8	336	-170	0	0	1	54105	54105	54105

8	390	-190	0	0	1	54105	54105	54105
8	370	-220	0	0	1	54105	54105	54105

8	640	-170	0	0	1	54105	54105	54105 #Sky, Floor 2
8	656	-170	0	0	1	54106	54106	54106

8	715	-200	0	0	1	54106	54106	54106
8	790	-200	0	0	1	54105	54105	54105
8	840	-200	0	0	1	54106	54106	54106
8	790	-170	0	0	1	54105	54105	54105
8	870	-185	0	0	1	54107	54107	54107

8	1001	-160	0	0	1	54107	54107	54107

8	1150	-130	0	0	1	54105	54105	54105 #Sky, Floor 3
8	1220	-110	0	0	1	54106	54106	54106
8	1250	-110	0	0	1	54107	54107	54107

8	1240	20	0	0	1	54101	54101	54101 #cloud

8	1300	-170	0	0	1	54105	54105	54105

14	1350	-85	63	31	55511	2 #LargeBrick
8	1370	-200	0	0	1	54105	54105	54105

8	1475	-145	0	0	1	54105	54105	54105
8	1510	-163	0	0	1	54105	54105	54105
8	1525	-145	0	0	1	54106	54106	54106
8	1525	-180	0	0	1	54106	54106	54106

8	1640	-200 	0	0	1	54105	54105	54105

8	1700	-180 	0	0	1	54105	54105	54105

8	1750	-180	0	0	1	54107	54107	54107 #Sky, Floor 5
8	1880	-160	0	0	1	54107	54107	54107
8	1930	-90	0	0	1	54107	54107	54107 2170

8	2170	-130	0	0	1	54107	54107	54107
8	2270	-180	0	0	1	54105	54105	54105 

8	2475	-90	0	0	1	54105	54105	54105 #Sky, Floor 6
8	2450	-240	0	0	1	54105	54105	54105
8	2530	-240	0	0	1	54105	54105	54105

8	2700	-59	0	0	3	12210	12210	12210

#SHADOW OBJECT
#54201: head
#54202: body
#54203: edge
#id	x	y	z	id	color
#22	2600	135	10	54201	2


#COIN
4	1120	65 	1 #Sky, Floor 2
4	1155	30	1
4	1190	5	1
4	1225	-20	1
4	1260	-45	1

4	1340	-135 	3 #Sky, Floor 3
4	1490	-130	2
4	1555	-110	4
4	1635	-130	4

4	1720	-90	1 #Sky, Floor 5
4	1750	-130	1
4	1780	-110	1
4	1830	-145	1
4	1860	-110	1

#Koopas #445	30
16	620	70

16	2144	80	#Floor 5, above the coinbrick

#Platform  id x y bboxWidth bboxHeight Number spriteID_Megin spriteID_Middle spriteID_End
5	0	0	2	400	3	12300	12300	12300	#Left Border

5	200	150	871	16	1	12201	12201	12201	#Floor 1
5	891	142	500	32	1	12202	12202	12202	#Floor 2

5	1360	150	352	16	1	12203	12203	12203	#Floor 3

5	1620	151	80	16	1	12204	12204	12204	#Floor 4
5	1555	70	16	16	2	20002	20002	20002
5	1621	134	16	16	3	20002	20002	20002
5	1637	118	16	16	2	20002	20002	20002
5	1653	102	16	16	1	20002	20002	20002

5	1990	150	576	16	1	12205	12205	12205	#Floor 5
5	1709	134	16	16	3	20002	20002	20002
5	1709	118	16	16	2	20002	20002	20002
5	1709	102	16	16	1	20002	20002	20002

5	2576	150	560	16	1	12206	12206	12206	#Floor 6
5	2304	102	16	16	2	20002	20002	20002
5	2304	38	16	16	2	20002	20002	20002

5	1430	-45	16	16	4	54108	54108	54108 #Sky, Floor 3
5	1510	-65	16	16	13	54108	54108	54108		

#CoinBrick 16 16
#id	x	y	length
18	2000	134	7	#Floor 5
18	2016	118	5
18	2032	102	3
21	2080	102

18	2144	134	2
18	2144	118	1

#VOIDSPIKE
17	0	230	10

#LargeBrick 
id	x	y	bbWidth bbHeight spriteID  z
14	270	117	48	48	55501	1
14	300	101	48	80	55502	0

14	455	117	80	48	55503	1
14	510	101	64	80	55507	0
14	555	75	64	89	55509	-1
14	574	125	96	32	55504	1

14	1350	126	112	32	55505	0
14	1385	110	112	64	55508	-1
14	1420	94	112	96	55510	-2

14	2210	118	48	48	55501	1 #Floor 5
14	2234	70	48	144	55506	0

#BGBush # w=16
#id	x	y	length	
10	165	135	3

10	706	119	6
10	1085	119	2

10	1225	135	3

10	1775	135	3	#Floor 5

# PIPE #32 16 Head. If type = 0 (normal) then the next parameters are not IMPORTANT, but MUST be included	
#id	x	y	Len	type	pLen	range	
11	380	102	2	2	2	110

11	1850	118	1	0	0	0	#Floor 5
11	1915	102	2	0	0	0

11	2312	102	2	1	0	0	#Floor 6
11	2312	-154	11	0	0	0
11	2380	118	1	0	0	0

# ShootingPlant #Head: 16 16, Body: 16 8

# BGTREE id x    y      z  bodyLength edgeRight_Length edgeLeft_Length #30 15
9	30	102	-1	2	1	2 #1
9	45	118	0	1	0	0 #2
9	45	86	-2	3	1	1 #3
9	75	102	-2	2	2	0 #4
9	94	134	-1	0	0	0 #5
9	106	102	-2	2	2	2 #6
9	122	118	-1	1	1	0

9	860	118	0	0	0	0
9	875	86	-2	2	2	2
9	891	102	-1	1	0	0
9	908	86	-2	2	2	2
9	925	102	-1	1	0	0
9	925	70	-3	3	1	0
9	955	86	-2	2	2	0
# Continue
9	985	118	0	0	0	0
9	1001	86	-2	2	0	2
9	1018	102	-1	1	1	0

9	1946	134	0	0	0	0	#Floor 5
9	1961	102	-2	2	0	2
9	1977	118	-1	1	1	0

9	2430	86	-1	3	0	3	#Floor 6
9	2446	70	-2	4	0	0
9	2461	22	-3	7	0	3
9	2477	38	-2	6	5	0
9	2493	118	0	1	1	0

#random brick id x y type(1 for coin, 2 for mushroom)
12	180	80	1
12	196	80	1

12	230	35	1
12	246	35	2

12	445	55	1

12	690	118	2
12	735	85	1

12	1515	100	2

12	1460	-110	1 #Sky, Floor 3

#Portal 
50	2312	-154	1	1	2
