# list of object assets to load in this scene
[ASSETS]
mario.txt
brick.txt
coin.txt
goomba.txt
cloud.txt
pipehead.txt
pipebody.txt
bgcloud.txt
bgtree.txt
bgbush.txt
randombrick.txt
randomMushroom.txt
randomleaf.txt
bgbrick.txt
floor.txt
largebrick.txt
shootingplant.txt
Koopas.txt
voidspike.txt
coinbrick.txt
character.txt
wing.txt
scoreboard.txt
#
[OBJECTS]
# type	x	y	extra_settings per object type
# type: 0 = Mario , 1 = Brick, 2 = Goomba, 3 = Koopas
# See OBJECT_TYPE constants in AssetIDs.h

#152	-5
# MARIO
0	200	20

#Score Board
20	165	181

#COIN
4	216	104	1
4	232	120	2	
4	264	104	1
4	264	87	1
4	232	72	2
4	264	56	1
4	264	39	1
4	232	24	2
4	216	39	1

#Platform
5	168	-8	16	16	12	20001	20001	20001

5	8	-8	16	16	8	20001	20001	20001
5	8	8	16	16	8	20001	20001	20001
5	8	24	16	16	8	20001	20001	20001
5	8	40	16	16	8	20001	20001	20001
5	8	56	16	16	8	20001	20001	20001
5	8	72	16	16	8	20001	20001	20001
5	8	88	16	16	8	20001	20001	20001
5	8	104	16	16	8	20001	20001	20001
5	8	120	16	16	8	20001	20001	20001
5	8	136	16	16	8	20001	20001	20001

5	8	152	16	16	32	20001	20001	20001

5	264	136	16	16	16	20001	20001	20001
5	280	120	16	16	15	20001	20001	20001
5	296	104	16	16	14	20001	20001	20001
5	312	88	16	16	13	20001	20001	20001
5	328	72	16	16	12	20001	20001	20001
5	344	56	16	16	11	20001	20001	20001
5	392	40	16	16	8	20001	20001	20001
5	392	24	16	16	8	20001	20001	20001
5	392	8	16	16	8	20001	20001	20001
5	392	-8	16	16	8	20001	20001	20001

#Pipe
23	368	0	1	0	0	0
23	152	0	1	0	0	0

#Portal 
50	368	12	2381	135	1
50	152	10	-1	-1	1
