# id	left	top	right	bottom	texture_id
[SPRITES]

#BottomLeft
33101	207	39	222	54	10 #Close
33102	233	39	248	54	10 #

#TopRight
33103	377	13	392	28	10 #Open 
33104	403	13	418	28	10 #

#TopLeft
33105	425	13	440	28	10 #Open
33106	449	13	464	28	10 #

#BottomRight
33107	474	13	489	28	10 #
33108	504	13	519	28	10 #Open

#### GREEN #### 

#BottomLeft
35501	677	96	693	112	10 #16, 16 Open
35502	651	96	667	112	10 #16, 16 Close

#TopRight
35503	495	96	511	112	10 #16, 16 Open 
35504	521	96	537	112	10 #Close

#TopLeft
35505	543	96	559	112	10 #Open
35506	567	96	583	112	10 #Close

#BottomRight
35507	592	96	608	112	10 #Close
35508	622	96	638	112	10 #Open

### GREEN EPLANT ###
35601	220	63	234	79	10 #Close 14, 16
35602	241	63	257	78	10 #Open 16, 15


#Body
33110	184	45	199	52	10

#Bullet
33111	411	40	418	47	10 #TopUp
33112	428	39	435	47	10 #TopDown
33113	411	57	418	65	10 #BottomDown
33114	427	57	435	65	10 #BottomUp


# ani_id	sprite1_id	time1	sprite2_id	time2	...
[ANIMATIONS]

#Head Move
33201	33101	100	33102	100 #BottomLeft
33202	33103	100	33104	100 #TopRight
33203	33105	100	33106	100 #TopLeft
33204	33107	100	33108	100 #BottomRight

#Green Head Move
35510	35501	100	35502	100 #BottomLeft
35511	35503	100	35504	100 #TopRight
35512	35505	100	35506	100 #TopLeft
35513	35507	100	35508	100 #BottomRight

#Eating plant
35603	35601	100	35602	100

#Bullet
33205	33111	100	33112	100	33113	100	33114	100